
NowP =

   2.188862756394844


NowD =

   0.333200354585645


NowQ =

   1.048940288557418


bestfitness =

  -0.476253616860615

"-----------------------------------------------------"


NowP =

   2.286388206582769


NowD =

     0


NowQ =

   1.053109142955949


bestfitness =

  -0.476253616860615

"-----------------------------------------------------"


NowP =

   1.913265559708111


NowD =

   0.179223515720173


NowQ =

   1.130771450238298


bestfitness =

  -0.476253616860615

"-----------------------------------------------------"


NowP =

   1.759537627023117


NowD =

   0.279735956077456


NowQ =

   1.113151605367542


bestfitness =

  -0.476253616860615

"-----------------------------------------------------"


NowP =

   2.358380705348573


NowD =

   0.158681501947778


NowQ =

   1.318485349848519


bestfitness =

  -0.476253616860615

"-----------------------------------------------------"


NowP =

   1.881881718429363


NowD =

   0.061644943354783


NowQ =

   1.234247708409496


bestfitness =

  -0.476253616860615

"-----------------------------------------------------"


NowP =

   1.812757053840606


NowD =

   0.340038868488602


NowQ =

   1.384148109320563


bestfitness =

  -0.476253616860615

"-----------------------------------------------------"


NowP =

   1.529316934606756


NowD =

   0.081146193122427


NowQ =

   1.426207740576295


bestfitness =

  -0.476253616860615

"-----------------------------------------------------"


NowP =

   1.766042567934902


NowD =

     0


NowQ =

   1.446167679586319


bestfitness =

  -0.476253616860615

"-----------------------------------------------------"


NowP =

   2.109449088255671


NowD =

   0.231797621607818


NowQ =

   1.420174291886104


bestfitness =

  -0.476253616860615

"-----------------------------------------------------"




 Best P & D & Q are => with this MSE & Error%

 2 0 1 => 0.476253616860615 1.81943739208364
