
NowA =

   6.331737237190334


NowB =

   1.514677011422360


bestfitness =

   -9.984625532410969e-006

"-----------------------------------------------------"

