
NowP =

   2.760690797372869


NowD =

   2.336592657385929


NowQ =

   1.687469859939783


bestfitness =

   -4.587223680761450e-006

"-----------------------------------------------------"

