
NowP =

   2.890743982086227


NowD =

   3.830309721361799


NowQ =

   1.016661175272031


bestfitness =

  -0.165925399524632

"-----------------------------------------------------"


NowP =

   2.890743982086227


NowD =

   3.830309721361799


NowQ =

   1.016661175272031


bestfitness =

  -0.165925399524632

"-----------------------------------------------------"


NowP =

   2.890743982086227


NowD =

   3.830309721361799


NowQ =

   1.016661175272031


bestfitness =

  -0.165925399524632

"-----------------------------------------------------"


NowP =

   2.890743982086227


NowD =

   3.830309721361799


NowQ =

   1.016661175272031


bestfitness =

  -0.165925399524632

"-----------------------------------------------------"


NowP =

   2.890743982086227


NowD =

   3.830309721361799


NowQ =

   1.016661175272031


bestfitness =

  -0.165925399524632

"-----------------------------------------------------"


NowP =

   2.903490972215522


NowD =

   4.087457935824377


NowQ =

   1.195606700729271


bestfitness =

  -0.165925399524632

"-----------------------------------------------------"


NowP =

   3.029611448118554


NowD =

   4.417228767678277


NowQ =

   1.038838521000847


bestfitness =

  -0.165925399524632

"-----------------------------------------------------"


NowP =

   3.270098394756593


NowD =

   3.973430502665063


NowQ =

   1.100618217884491


bestfitness =

  -0.165925399524632

"-----------------------------------------------------"


NowP =

   3.060402411009250


NowD =

   4.017236624948442


NowQ =

   1.050232876576286


bestfitness =

  -0.165925399524632

"-----------------------------------------------------"


NowP =

   3.091309816851017


NowD =

   4.110665968760263


NowQ =

   1.458190833971697


bestfitness =

  -0.165925399524632

"-----------------------------------------------------"


NowP =

   2.926056040329001


NowD =

   3.715337544765468


NowQ =

   1.045275722051068


bestfitness =

  -0.165925399524632

"-----------------------------------------------------"


NowP =

   2.879023725231762


NowD =

   3.989151196325250


NowQ =

   1.255455055197180


bestfitness =

  -0.165925399524632

"-----------------------------------------------------"


NowP =

   2.879023725231762


NowD =

   3.989151196325250


NowQ =

   1.255455055197180


bestfitness =

  -0.165925399524632

"-----------------------------------------------------"


NowP =

   3.076595926623615


NowD =

   4.052048493831415


NowQ =

   1.268171998406490


bestfitness =

  -0.165925399524632

"-----------------------------------------------------"


NowP =

   2.596493017494472


NowD =

   4.285470326499009


NowQ =

   1.039283681635435


bestfitness =

  -0.165925399524632

"-----------------------------------------------------"


NowP =

   2.648266362201017


NowD =

   4.017254326452330


NowQ =

   1.099767649339273


bestfitness =

  -0.165925399524632

"-----------------------------------------------------"


NowP =

   2.505618680279949


NowD =

   4.406907661411101


NowQ =

   1.028109431177251


bestfitness =

  -0.165925399524632

"-----------------------------------------------------"


NowP =

   2.531643132485340


NowD =

   3.905745547733444


NowQ =

   1.092214085082353


bestfitness =

  -0.165925399524632

"-----------------------------------------------------"


NowP =

   2.675516218708645


NowD =

   3.739936194676059


NowQ =

   1.360334334558237


bestfitness =

  -0.165925399524632

"-----------------------------------------------------"


NowP =

   2.732692282395386


NowD =

   4.305244554969997


NowQ =

   1.126041279342240


bestfitness =

  -0.165925399524632

"-----------------------------------------------------"


NowP =

   2.732692282395386


NowD =

   4.305244554969997


NowQ =

   1.126041279342240


bestfitness =

  -0.165925399524632

"-----------------------------------------------------"


NowP =

   2.622039884485074


NowD =

   4.352712332612047


NowQ =

   1.058281886951435


bestfitness =

  -0.165925399524632

"-----------------------------------------------------"


NowP =

   2.618318525226913


NowD =

   3.530441930937714


NowQ =

   1.204708335869549


bestfitness =

  -0.165925399524632

"-----------------------------------------------------"


NowP =

   2.710511295551839


NowD =

   4.447771327947861


NowQ =

   1.065586560509752


bestfitness =

  -0.165925399524632

"-----------------------------------------------------"


NowP =

   2.710511295551839


NowD =

   4.447771327947861


NowQ =

   1.065586560509752


bestfitness =

  -0.165925399524632

"-----------------------------------------------------"


NowP =

   3.272939361523161


NowD =

   4.221983333873879


NowQ =

   1.468018676138210


bestfitness =

  -0.165925399524632

"-----------------------------------------------------"


NowP =

   3.272939361523161


NowD =

   4.221983333873879


NowQ =

   1.468018676138210


bestfitness =

  -0.165925399524632

"-----------------------------------------------------"


NowP =

   3.048517996194209


NowD =

   4.298247949799502


NowQ =

   1.458921962224395


bestfitness =

  -0.165925399524632

"-----------------------------------------------------"


NowP =

   3.117599479635552


NowD =

   3.840382534869319


NowQ =

   1.310364942315355


bestfitness =

  -0.165925399524632

"-----------------------------------------------------"


NowP =

   2.594890036917480


NowD =

   3.922940706151394


NowQ =

   1.450553454336610


bestfitness =

  -0.165925399524632

"-----------------------------------------------------"


NowP =

   3.058825222310509


NowD =

   3.953029726371739


NowQ =

   1.227377042756390


bestfitness =

  -0.165925399524632

"-----------------------------------------------------"


NowP =

   3.445412068117632


NowD =

   3.531041119661429


NowQ =

   1.353633539009355


bestfitness =

  -0.165925399524632

"-----------------------------------------------------"


NowP =

   3.445412068117632


NowD =

   3.531041119661429


NowQ =

   1.353633539009355


bestfitness =

  -0.165925399524632

"-----------------------------------------------------"


NowP =

   3.445412068117632


NowD =

   3.531041119661429


NowQ =

   1.353633539009355


bestfitness =

  -0.165925399524632

"-----------------------------------------------------"


NowP =

   3.303968465630846


NowD =

   3.575718080739331


NowQ =

   1.264783059779508


bestfitness =

  -0.165925399524632

"-----------------------------------------------------"


NowP =

   3.190789669993244


NowD =

   3.580014272871539


NowQ =

   1.277957542984002


bestfitness =

  -0.165925399524632

"-----------------------------------------------------"


NowP =

   2.907365257200357


NowD =

   4.205279083091876


NowQ =

   1.093818059183285


bestfitness =

  -0.165925399524632

"-----------------------------------------------------"


NowP =

   2.939503348221511


NowD =

   4.239350939742764


NowQ =

   1.087290917788319


bestfitness =

  -0.165925399524632

"-----------------------------------------------------"


NowP =

   2.872911348210162


NowD =

   4.048821842326827


NowQ =

   1.075947731726156


bestfitness =

  -0.165925399524632

"-----------------------------------------------------"


NowP =

   3.005648821547216


NowD =

   4.306567958925981


NowQ =

   1.085608981916646


bestfitness =

  -0.165925399524632

"-----------------------------------------------------"


NowP =

   2.607597831377763


NowD =

   3.692401876626933


NowQ =

   1.132157767295438


bestfitness =

  -0.165925399524632

"-----------------------------------------------------"


NowP =

   2.607597831377763


NowD =

   3.692401876626933


NowQ =

   1.132157767295438


bestfitness =

  -0.165925399524632

"-----------------------------------------------------"


NowP =

   2.633250943775198


